

SimLen =  10, M =  32, N =  16, L = 100,  QAM =  4
SNR =-20  -19  -18  -17  -16  -15  -14  -13  -12  -11  -10  
X_BER =1.545000e-01  2.750000e-02  6.950000e-02  2.000000e-02  4.000000e-03  5.000000e-04  0.000000e+00  0.000000e+00  0.000000e+00  0.000000e+00  0.000000e+00  
S_BER =2.375000e-01  9.375000e-02  1.562500e-01  5.625000e-02  2.500000e-02  2.500000e-02  3.750000e-02  1.875000e-02  4.375000e-02  1.875000e-02  1.875000e-02  

SimLen =  10, M =  32, N =  16, L = 100,  QAM =  4
SNR =-20  -19  -18  -17  -16  -15  -14  -13  -12  -11  -10  
X_BER =9.400000e-02  9.200000e-02  7.950000e-02  7.500000e-03  5.500000e-03  0.000000e+00  2.000000e-03  0.000000e+00  0.000000e+00  0.000000e+00  0.000000e+00  
S_BER =1.250000e-01  1.625000e-01  1.625000e-01  6.875000e-02  2.500000e-02  3.750000e-02  1.875000e-02  1.875000e-02  5.000000e-02  1.250000e-02  1.875000e-02  
